#include <vector>
#include <cmath>
#include <array>

using Block8x8 = std::array<std::array<double, 8>, 8>;

const Block8x8 c_matrix {{
    {0.353553,  0.353553,   0.353553,   0.353553,   0.353553,   0.353553,   0.353553,   0.353553    },
    {0.490393,  0.415735,   0.277785,   0.0975452,  -0.0975452, -0.277785,  -0.415735,  -0.490393   },
    {0.46194,   0.191342,   -0.191342,  -0.46194,   -0.46194,   -0.191342,  0.191342,   0.46194     },
    {0.415735,  -0.0975452, -0.490393,  -0.277785,  0.277785,   0.490393,   0.0975452,  -0.415735   },
    {0.353553,  -0.353553,  -0.353553,  0.353553,   0.353553,   -0.353553,  -0.353553,  0.353553    },
    {0.277785,  -0.490393,  0.0975452,  0.415735,   -0.415735,  -0.0975452, 0.490393,   -0.277785   },
    {0.191342,  -0.46194,   0.46194,    -0.191342,  -0.191342,  0.46194,    -0.46194,   0.191342    },
    {0.0975452, -0.277785,  0.415735,   -0.490393,  0.490393,   -0.415735,  0.277785,   -0.0975452  }
}};